13
86
589
390
466
656
95
37
1003
515
30
868
1108
112
493
30
270
813
417
112
158
76
87
186
302
816
46
130
46
627
68
4
49
33
819
48
121
1071
4
75
153
804
121
1041
4
834
30
798
1243
4
50
760
525
49
30
738
15
66
33
1289
1329
6
82
1006
62
515
466
76
156
105
164
994
93
1255
492
28
28
1
120
819
48
121
1071
1
112
800
87
185
33
391
388
76
6
62
119
627
941
6
1346
147
793
112
1090
272
757
437
80
112
592
128
626
121
1349
148
117
17
629
6
85
776
462
76
74
292
46
671
33
488
48
176
723
209
291
134
8
125
62
247
124
262
48
68
4
460
6
931
574
112
332
601
46
273
1125
65
126
62
262
48
143
89
416
4
66
941
6
147
793
74
1037
4
1281
196
756
675
14
81
286
127
152
1051
49
45
1066
98
1050
48
1193
6
248
76
87
96
206
33
941
6
147
1351
133
1228
42
6
1017
96
33
1314
1143
150
948
207
4
88
33
272
95
427
32
1062
266
4
767
130
255
95
37
1003
74
85
1271
5
17
1176
1
46
267
4
79
1010
49
172
595
7
85
326
524
96
237
542
196
165
222
1078
28
28
808
1252
982
245
33
1345
48
1143
150
74
1010
62
593
397
46
487
33
317
79
423
1020
100
6
1204
656
95
37
1003
0
89
391
153
271
204
112
36
87
1109
68
127
241
1228
204
6
966
121
263
451
883
1265
152
599
4
50
49
121
263
628
939
30
746
1256
6
1150
1293
9
929
6
288
76
152
4
33
1106
48
33
817
87
1258
647
101
364
1318
1038
431
4
133
4
49
126
270
741
4
617
131
49
33
1302
30
249
1199
85
200
36
583
1
66
656
112
132
48
257
266
27
853
1330
79
750
828
254
68
62
105
599
82
13
471
124
267
101
712
3
662
46
95
37
1003
74
1041
6
248
142
112
1090
991
250
805
1022
1153
148
112
332
774
1035
666
131
4
50
4
81
941
6
147
793
153
1012
4
33
573
48
85
11
37
1003
24
1
468
134
6
28
28
296
87
96
993
320
240
414
68
4
49
33
462
48
30
334
571
2
748
372
66
33
1289
1329
4
76
837
773
46
130
46
719
400
95
37
1003
153
467
134
121
1041
6
410
1095
4
76
315
87
30
1264
481
6
445
1216
121
660
156
105
164
330
556
112
1090
614
437
289
153
164
856
33
406
155
48
530
68
941
6
95
37
1003
153
85
876
1097
204
253
143
319
941
6
95
37
1003
112
52
258
112
1142
96
1019
993
602
30
175
210
656
74
991
153
164
501
6
182
349
60
68
75
153
834
172
112
1175
75
916
121
981
112
1077
75
386
124
225
46
123
66
1041
8
125
76
156
105
164
367
46
812
68
75
153
467
134
121
1041
228
75
153
834
172
6
28
28
776
462
4
173
201
153
96
1136
204
253
4
201
153
924
4
81
740
948
207
1331
4
704
46
85
1234
204
134
1
112
873
153
96
597
204
213
46
33
381
102
6
445
345
33
1084
192
121
294
222
112
1007
30
98
770
70
30
660
0
260
941
6
95
37
1003
709
46
105
168
17
368
76
112
92
62
593
76
349
60
648
46
308
131
400
6
28
28
120
217
163
190
339
48
33
1289
1329
1305
536
46
258
1086
912
293
807
8
50
453
4
66
176
246
46
1196
1313
4
764
30
1160
48
656
74
659
111
23
784
934
509
295
33
44
324
4
62
153
654
1251
54
412
33
361
318
6
28
28
13
300
33
616
88
936
1015
135
1140
5
25
820
8
50
941
6
95
37
1003
74
870
87
142
546
129
68
4
49
33
1262
571
4
62
752
76
858
6
182
87
96
68
176
557
97
87
85
1348
358
66
68
277
62
211
105
467
740
948
207
33
1320
1057
685
6
182
87
191
228
201
87
756
442
14
648
112
84
62
216
60
1326
1040
33
838
112
800
62
300
172
142
6
319
656
4
126
121
339
4
153
164
1018
101
648
391
7
127
153
1236
310
121
347
4
76
153
164
57
329
49
33
605
5
755
48
135
136
456
6
248
76
87
729
771
106
46
646
185
350
33
85
1225
610
904
48
1124
448
100
1
82
13
958
740
948
207
3
87
453
66
204
6
28
28
13
105
751
68
941
6
95
37
1003
87
798
8
50
76
87
639
1292
251
68
172
780
87
1306
104
108
1226
30
1156
125
937
1098
6
182
65
4
81
30
690
4
33
195
133
1322
432
133
189
218
131
48
76
8
50
656
74
1165
1270
48
121
660
74
351
781
949
204
4
79
45
803
48
580
270
5
1357
4
46
1186
325
76
192
801
48
347
50
1065
6
445
33
864
4
62
352
220
4
75
822
788
1272
8
125
75
87
871
1260
1147
1045
50
1342
5
1101
818
79
30
935
68
880
1295
33
1047
94
710
6
28
28
1
1238
74
206
1043
65
46
345
930
192
1155
154
87
144
48
33
897
19
615
75
903
253
486
33
1308
99
50
920
48
45
1284
37
697
973
1099
1317
5
1027
4
178
4
66
30
414
318
4
62
153
222
305
181
104
1196
1313
8
50
941
6
95
37
1003
4
60
665
66
204
4
503
70
176
1296
7
85
1088
65
142
1291
59
923
46
234
356
48
930
143
28
28
1334
656
0
182
153
390
164
121
976
46
105
391
267
258
348
48
204
7
33
317
241
60
264
253
49
311
35
531
6
475
884
130
231
87
68
4
70
33
212
184
4
75
160
749
33
911
6
62
153
461
204
4
142
447
4
426
635
215
504
29
891
112
967
76
33
1033
1333
646
68
1237
171
48
135
860
118
9
383
112
434
4
1269
417
4
76
561
714
68
75
87
1114
48
941
6
95
37
1003
112
18
180
417
96
46
226
172
1327
6
182
87
121
263
1327
75
693
46
60
419
527
215
112
1090
263
952
81
45
514
70
794
735
50
221
312
6
28
28
1
661
1074
4
338
62
304
114
1134
1041
195
247
124
267
68
641
151
130
112
974
267
76
151
1054
1325
53
154
87
121
206
791
4
81
75
915
104
33
607
50
73
918
131
724
33
721
1144
934
155
6
28
28
13
1248
210
204
4
884
101
121
272
416
6
1054
1325
53
87
4
49
317
4
769
33
161
48
33
559
112
52
656
525
4
144
349
345
76
4
153
164
33
161
48
33
450
6
89
874
861
87
145
46
105
869
525
88
176
408
74
657
4
50
62
1082
173
30
29
1036
48
1293
215
998
33
864
74
1025
117
17
629
6
260
186
112
434
76
87
96
993
210
68
463
68
33
756
1075
986
841
14
913
5
962
153
947
46
634
135
85
927
141
244
143
28
28
13
590
46
941
6
95
37
1003
4
133
153
1148
310
46
418
30
1207
48
888
46
172
170
831
49
33
1129
5
679
6
28
28
1
777
756
980
14
75
114
1134
1041
449
62
483
1230
6
28
28
632
731
172
1240
79
30
946
48
270
5
1126
906
816
6
28
28
1
809
4
75
420
124
756
1085
14
46
231
4
78
223
8
50
62
225
204
46
588
525
154
201
145
543
539
6
28
28
13
612
151
33
1321
534
5
862
1039
511
4
79
196
756
1336
914
5
72
194
14
98
378
1172
33
1205
48
33
1080
465
505
1323
4
50
196
1342
5
1101
425
387
49
1156
1222
1070
6
28
28
1
1158
75
114
1134
121
818
330
9
62
732
124
461
30
497
144
49
33
517
143
28
28
10
667
1138
48
1277
1052
941
6
95
37
1003
74
353
274
1299
6
85
296
74
121
1026
1350
4
78
223
6
202
328
127
243
96
718
46
105
151
8
75
74
480
171
126
396
584
144
112
469
1149
112
92
68
62
105
46
380
1231
143
28
28
849
1026
1350
112
1088
74
1350
151
121
818
9
491
1167
87
695
165
33
1235
5
56
278
6
62
145
997
52
529
46
176
557
97
7
85
13
352
315
226
146
1149
4
78
223
143
28
28
632
1248
131
496
745
1221
88
33
934
155
239
172
780
4
1180
230
43
49
30
1087
42
775
4
153
846
30
1218
50
885
33
640
1166
1310
74
335
295
121
1092
6
28
28
1
808
4
354
282
75
74
96
495
154
201
145
4
79
30
839
68
608
46
893
172
1008
316
8
50
62
692
172
295
33
1266
532
1354
48
33
865
4
50
134
33
609
1112
79
306
110
5
16
1048
55
1178
24
1214
477
1058
88
323
959
6
28
28
242
33
790
21
94
779
48
172
41
577
1002
4
988
30
404
720
48
1156
50
1152
801
4
944
144
48
33
789
1324
1312
378
4
49
33
1067
794
301
42
806
6
89
766
1154
48
33
806
388
134
126
95
37
1003
74
425
0
28
28
1242
6
95
37
1003
971
213
33
727
5
16
631
359
4
687
879
30
756
20
115
31
1069
14
370
48
1024
1294
287
52
4
877
45
619
5
1115
396
4
50
145
7
85
403
78
360
285
78
119
191
854
46
226
76
6
62
153
76
181
33
1220
102
5
1044
4
125
75
658
124
363
76
565
143
28
28
786
112
13
211
191
854
46
226
76
112
332
212
1149
48
656
74
62
153
446
153
46
1081
176
595
181
0
1162
127
153
33
355
48
1106
112
1119
33
726
821
49
30
1080
896
93
756
1075
986
841
14
913
5
679
4
93
30
1298
381
102
744
142
68
76
452
33
439
245
1323
48
392
975
63
198
277
6
89
139
1063
355
561
33
723
375
8
474
4
81
176
595
832
1206
46
33
499
5
598
4
126
33
1118
1093
428
131
112
113
33
1000
1173
1276
81
568
71
254
4
33
1111
48
1113
61
69
674
101
149
4
79
258
579
969
768
4
75
783
46
1301
624
104
33
314
421
48
33
723
46
177
552
1022
575
166
48
663
6
941
6
95
37
1003
4
1133
30
922
733
46
199
66
112
1107
4
81
76
152
4
142
1122
33
737
48
172
263
723
112
1142
1233
778
49
45
921
761
46
33
634
48
108
699
707
26
1117
6
89
723
87
144
48
656
74
85
1030
94
154
81
121
1181
675
156
105
345
76
112
36
899
4
66
121
183
4
30
1263
48
1059
4
30
1201
43
48
1278
4
30
1195
4
276
586
372
50
276
382
4
68
1094
144
48
33
1282
5
157
167
74
1227
703
46
985
30
1137
6
182
327
4
49
464
4
88
234
277
33
652
48
1083
544
46
60
1064
85
1030
59
1
228
201
87
977
48
250
1064
85
1290
59
1
112
92
474
96
46
734
45
1191
48
33
1274
6
28
28
1
296
74
33
272
75
1064
4
78
223
154
941
6
95
37
1003
145
79
1244
148
1021
6
85
120
272
125
144
154
201
1159
778
112
1
728
33
162
420
124
274
4
228
75
844
76
143
28
28
1
1353
42
76
449
62
87
151
46
307
134
108
1146
178
62
599
30
537
963
50
553
656
525
66
33
1023
6
28
28
454
75
824
174
4
121
582
49
33
1116
48
121
1028
58
894
1068
4
33
898
889
968
48
717
877
213
104
121
534
1197
4
121
1004
721
826
109
1229
945
238
42
101
30
910
68
1072
33
940
48
30
510
5
989
214
47
1209
759
4
62
593
46
185
30
761
75
153
33
281
606
81
121
818
112
332
606
48
495
336
708
23
179
75
87
6
28
28
849
660
1248
88
204
340
917
236
59
4
125
121
595
1187
425
172
46
33
1149
6
28
28
1
782
6
931
574
523
46
226
76
154
201
555
4
81
173
585
649
778
6
202
1253
121
1049
4
283
1120
6
28
28
1
809
4
931
574
300
130
131
261
502
154
75
145
1105
8
233
4
836
121
619
245
823
7
85
1121
50
226
33
369
48
33
517
143
28
28
407
669
76
46
130
79
30
424
48
1213
1168
1021
7
33
895
5
962
4
33
795
5
25
1257
4
33
845
5
157
103
299
4
33
705
566
5
919
40
112
113
33
664
875
848
48
33
1340
74
814
673
6
248
932
176
719
643
33
594
1130
75
145
4
961
131
121
892
30
364
7
85
786
4
62
315
247
124
226
208
195
854
46
508
344
68
143
28
28
808
112
36
87
191
33
259
144
349
105
444
1110
70
204
6
797
75
87
4
245
76
126
50
49
1104
48
76
126
112
52
75
153
164
245
4
50
49
1104
48
4
121
818
112
158
1199
4
142
1203
4
142
168
1139
4
68
144
261
42
46
696
131
7
85
683
1335
79
146
1219
550
81
457
144
153
261
42
46
267
7
85
683
1335
79
146
199
550
28
28
405
4
79
33
696
66
176
1037
4
176
1073
867
45
979
521
6
28
28
1
341
65
176
263
1355
154
75
145
4
670
130
192
30
622
926
511
88
33
259
48
33
229
39
61
98
1050
6
182
87
847
50
889
50
1032
27
7
186
85
1287
907
186
252
51
5
15
5
443
71
4
758
48
33
430
48
1215
70
1174
49
30
723
984
112
1259
126
4
186
411
303
48
446
453
164
280
81
30
901
6
28
28
120
317
617
373
46
130
33
706
275
395
48
656
74
528
79
121
392
339
6
28
28
1
698
124
78
446
1341
265
79
887
169
139
449
62
483
4
283
495
151
70
30
1061
48
258
682
6
28
28
1
1046
154
75
145
1031
6
28
28
1
802
441
5
1358
112
39
512
999
449
28
28
849
843
595
832
790
4
50
121
1229
44
603
30
364
215
135
1199
721
1003
6
28
28
1
1046
262
48
76
4
176
1074
813
112
313
139
179
173
62
409
346
1053
30
1084
143
28
28
476
121
911
357
130
49
30
890
68
75
346
466
48
489
500
6
28
28
13
687
396
4
1332
1182
101
176
979
953
8
50
81
62
590
4
176
713
620
66
30
385
723
494
33
1220
102
5
1044
112
332
206
514
878
33
926
1232
642
954
48
33
511
6
28
28
1
809
4
101
116
193
550
62
145
6
28
28
296
87
30
1131
48
30
1359
112
38
392
977
1359
4
772
49
33
830
215
30
633
6
28
28
1
686
116
193
112
15
140
796
550
62
1123
6
28
28
407
87
992
8
125
62
593
204
484
518
130
4
1056
30
364
596
6
28
28
1
498
30
719
0
1091
79
30
928
694
112
728
66
1343
1161
6
269
964
1250
4
239
219
78
189
76
449
28
28
407
951
833
7
85
1242
6
140
796
591
76
46
130
143
28
28
1
1005
112
13
386
124
223
78
227
600
33
140
796
24
6
202
87
258
45
331
558
251
172
578
143
28
28
1
13
386
124
112
25
83
210
6
224
224
224
377
480
70
130
46
887
204
178
75
87
562
143
28
28
1
522
75
87
562
9
269
449
28
28
13
352
105
363
30
364
330
256
1319
279
850
245
176
816
4
70
75
951
79
30
340
917
236
839
7
85
786
112
873
74
45
1055
581
322
4
78
223
4
941
6
140
796
6
535
206
513
87
46
105
204
458
101
30
1309
1288
112
284
4
655
140
796
0
377
466
76
33
438
56
246
48
1344
121
1249
112
440
1001
76
66
30
362
1246
333
6
248
88
33
559
62
87
756
332
14
1309
1288
143
28
28
1
1005
4
655
140
796
112
52
78
267
6
938
756
800
14
121
507
449
28
28
1
554
87
121
507
6
377
753
49
204
4
1241
235
49
204
112
39
466
201
219
6
260
201
653
124
863
96
46
105
126
33
913
5
962
79
172
6
377
653
124
863
33
317
68
4
66
384
22
691
402
4
144
211
390
189
394
417
46
226
121
818
6
1204
544
0
377
74
191
30
1211
1311
43
70
162
1185
6
140
796
65
33
206
520
62
446
600
143
28
28
1
433
446
600
9
260
78
191
145
112
1
28
28
11
37
1003
153
30
1014
910
49
121
595
6
28
28
1
809
4
62
600
204
4
50
75
600
130
112
933
76
604
210
75
87
562
143
28
28
13
804
176
676
1332
6
85
522
201
480
70
78
449
28
28
1
786
112
1303
298
1245
46
33
1184
6
377
523
204
1258
647
112
92
101
130
550
28
28
407
1076
222
4
50
960
213
121
335
46
237
134
88
33
1131
48
33
1359
6
85
472
152
402
178
62
653
124
237
88
68
399
112
1210
22
124
487
76
6
260
62
711
654
46
345
76
285
8
50
231
76
74
1267
130
112
16
401
130
6
366
74
33
455
400
62
247
124
1341
265
169
139
4
176
1074
931
574
8
93
515
140
796
525
65
33
455
143
28
28
478
33
212
184
176
1188
1167
151
176
1102
590
192
30
569
825
46
470
204
375
6
28
28
1
13
742
78
409
413
130
208
76
604
154
62
145
6
28
28
407
824
495
134
88
33
1131
4
50
197
1212
295
121
950
30
1135
75
153
1029
46
439
6
1223
75
590
678
130
6
28
28
1
13
409
515
165
46
413
78
112
1077
62
304
390
972
78
48
538
1239
176
199
143
28
28
13
271
30
340
917
236
1145
4
149
75
549
34
415
79
30
270
5
1126
906
1279
6
28
28
1
809
4
62
386
124
371
30
1100
178
62
753
49
654
112
92
231
76
74
45
503
970
295
137
550
28
28
407
1076
743
4
344
1297
4
50
877
144
48
33
576
619
5
1356
564
6
85
472
7
232
651
859
112
92
285
91
33
1283
78
165
143
28
28
407
744
171
88
176
1198
50
672
46
1247
134
50
253
33
511
4
1042
231
50
233
1015
33
723
6
28
28
1
548
76
604
9
62
119
413
78
49
482
547
112
92
76
386
124
290
256
540
46
435
6
224
224
224
62
119
650
231
208
851
50
995
62
87
178
62
379
941
6
140
796
74
646
6
623
462
4
576
253
4
62
153
390
756
1273
14
174
87
186
144
165
204
112
933
62
153
668
79
33
722
4
1192
33
852
1315
990
151
204
4
993
62
499
379
46
262
75
87
30
785
4
144
48
33
424
68
91
374
518
6
572
116
193
4
50
75
756
967
14
374
518
112
1077
75
153
354
46
565
0
89
369
48
137
153
46
363
857
60
1132
473
93
123
215
4
125
75
87
297
494
33
389
112
32
1343
1161
4
81
78
267
6
28
28
1
808
4
62
468
159
46
33
517
49
176
218
1286
978
112
1285
687
4
736
1179
130
4
88
33
611
103
48
655
140
796
74
645
48
785
250
1304
101
33
1071
48
176
1041
204
0
623
462
62
701
46
122
33
723
70
516
112
13
357
941
6
140
796
142
178
201
555
46
73
67
187
343
151
172
902
6
62
650
485
159
30
1316
1011
956
151
33
1106
250
756
677
14
112
342
4
62
87
1164
59
4
176
1074
931
574
0
62
87
1215
46
654
165
144
48
176
263
437
289
6
28
28
1
835
62
87
501
134
50
374
644
79
204
6
62
153
480
126
176
1171
49
815
4
50
62
153
206
46
264
134
33
381
102
50
189
46
199
6
202
153
164
562
206
909
5
1089
526
4
50
75
666
837
4
48
560
730
4
142
68
174
153
164
186
1103
199
48
905
112
1090
487
87
422
50
1300
6
62
153
327
204
457
93
792
4
240
255
4
50
466
204
1275
50
1338
27
6
570
62
553
68
75
87
1189
6
28
28
1
13
87
965
88
212
4
79
30
866
1163
1098
7
965
46
105
176
294
66
258
30
209
1280
563
625
121
829
339
5
1347
955
555
46
567
130
1217
59
112
52
62
983
33
335
49
62
593
81
173
75
152
763
130
122
76
6
89
1141
87
692
101
33
466
7
173
75
756
1194
14
763
130
4
185
156
75
267
46
176
246
48
459
9
491
1261
555
46
123
30
364
725
112
13
593
1008
50
925
6
28
28
1
886
4
178
62
612
134
4
62
693
46
226
30
910
518
121
484
1060
203
1183
112
52
173
75
153
33
618
4
50
152
1254
525
101
754
76
213
104
130
6
366
1328
138
130
283
139
6
89
618
9
715
4
62
153
30
618
587
909
48
121
0
62
1307
88
33
1190
1339
4
50
608
177
48
176
1352
787
1111
6
260
127
704
130
4
127
309
1016
6
62
553
68
75
551
124
763
33
266
27
987
112
13
653
124
1034
121
624
8
75
191
702
121
595
66
33
367
1200
295
6
811
152
33
638
62
153
390
107
77
942
4
93
765
134
79
177
943
887
6
248
208
75
553
245
176
882
0
28
28
1
13
612
134
222
4
50
764
840
48
68
1131
48
33
1359
1009
66
33
633
394
121
700
6
541
660
357
130
1177
76
87
33
272
399
75
153
458
112
613
30
646
501
79
30
1128
294
4
178
75
87
253
49
827
205
996
1170
104
30
519
560
376
6
533
30
646
0
260
76
762
121
520
507
6
365
91
240
48
810
1322
268
1268
49
234
429
6
64
161
133
153
398
90
79
33
389
211
346
105
739
68
1151
134
5
799
1079
6
224
224
224
28
28
1
13
590
213
46
176
199
4
50
468
66
1311
43
50
47
716
372
8
233
62
612
88
33
1359
222
6
62
553
68
4
178
140
796
903
49
33
212
1079
4
75
600
191
185
33
259
156
60
6
202
153
1127
121
545
4
1157
76
4
1013
138
76
6
436
153
62
458
68
79
169
48
176
348
9
321
900
124
164
747
48
130
112
13
153
191
908
171
6
224
224
224
28
28
1
12
188
76
4
931
574
4
79
68
487
763
130
62
653
124
122
337
1079
6
89
926
684
87
4
62
386
124
223
239
46
345
76
112
14
13
153
346
479
1337
797
4
79
176
437
289
50
176
333
4
30
266
27
1202
48
957
765
134
33
317
112
13
191
960
887
192
135
855
6
224
224
224
689
4
887
87
33
144
872
257
562
595
211
226
245
112
680
688
46
33
490
1169
1161
1096
6
506
124
78
223
208
4
49
636
30
621
630
4
227
842
393
4
144
328
499
33
184
96
185
144
637
46
125
185
144
119
9
689
112
800
87
33
246
62
1064
8
50
81
75
681
174
50
881
130
4
33
399
127
388
176
209
1208
1224
